 PDE 2004 02 24 02 27 46.20   35.1400   -4.0000   0.0 6.3 6.4 STRAIT OF GIBRALTAR
event name:         B022404C
time shift:           7.2000
half duration:        3.5000
latitude:            35.2900
longitude:           -3.8400
depth:               12.0000
Mrr:           -1.250000E+25
Mtt:           -1.770000E+25
Mpp:            3.020000E+25
Mrt:           -3.500000E+24
Mrp:           -1.620000E+25
Mtp:           -2.580000E+25
