 PDE 2004 11 21 11 41 07.80   15.6800  -61.7100  14.0 6.3 6.1 LEEWARD ISLANDS
event name:         C112104C
time shift:           5.0000
half duration:        3.5000
latitude:            15.8500
longitude:          -61.6500
depth:               12.0000
Mrr:           -3.210000E+25
Mtt:            1.550000E+25
Mpp:            1.660000E+25
Mrt:           -4.840000E+24
Mrp:           -1.500000E+24
Mtp:           -1.980000E+25
