 PDE 2009 10 25 17 47 49.40   29.5700   63.8800 125.3 5.6 5.6 SOUTHWESTERN PAKISTAN
event name:   C200910251747A
time shift:           4.3000
half duration:        1.6000
latitude:            29.5200
longitude:           64.0900
depth:              135.7000
Mrr:            1.200000E+23
Mtt:            3.300000E+22
Mpp:           -1.530000E+23
Mrt:            2.210000E+24
Mrp:            2.470000E+24
Mtp:            3.600000E+22
