 PDE 2009 12 17 14 55 36.30   42.4500  -30.5700   4.0 5.5 5.4 AZORES ISLANDS REGION
event name:   C200912171455A
time shift:           8.6000
half duration:        1.3000
latitude:            42.5400
longitude:          -30.4500
depth:               17.3000
Mrr:           -1.280000E+24
Mtt:            2.400000E+24
Mpp:           -1.120000E+24
Mrt:           -1.700000E+22
Mrp:           -5.000000E+22
Mtp:           -3.780000E+23
