 PDE 2009 11 07 20 08 46.30   29.4900   86.0100   5.7 5.5 5.6 XIZANG
event name:   C200911072009A
time shift:           8.2000
half duration:        1.4000
latitude:            29.3100
longitude:           86.2800
depth:               18.8000
Mrr:           -2.090000E+24
Mtt:           -7.460000E+23
Mpp:            2.830000E+24
Mrt:           -2.500000E+22
Mrp:           -1.450000E+23
Mtp:           -6.500000E+22
