 PDE 2009 09 21 08 30 14.00   71.0400   -7.6700  10.0 5.6 5.6 JAN MAYEN ISLAND REGION
event name:   C200909210830A
time shift:           1.9000
half duration:        1.5000
latitude:            71.1000
longitude:           -7.7000
depth:               14.9000
Mrr:           -1.300000E+23
Mtt:            2.140000E+24
Mpp:           -2.010000E+24
Mrt:            4.080000E+23
Mrp:            7.330000E+23
Mtp:            2.220000E+24
