 PDE 2009 08 31 10 15 30.50   37.6200   95.8400  10.0 5.8 5.7 QINGHAI, CHINA
event name:   C200908311015A
time shift:           3.6000
half duration:        1.9000
latitude:            37.5900
longitude:           95.8600
depth:               12.0000
Mrr:            4.820000E+24
Mtt:           -5.400000E+24
Mpp:            5.840000E+23
Mrt:            2.200000E+24
Mrp:           -3.150000E+23
Mtp:            8.070000E+23
