 PDE 2016 01 12 20 04 59.70   36.5900   70.9500 239.0 5.7 5.7 HINDU KUSH REGION, AFGHANISTAN
event name:   C201601122005A
time shift:           1.7000
half duration:        1.7000
latitude:            36.5900
longitude:           70.8700
depth:              237.8000
Mrr:            7.400000E+23
Mtt:           -2.800000E+22
Mpp:           -7.120000E+23
Mrt:           -3.680000E+23
Mrp:            4.150000E+24
Mtp:            3.650000E+23
