 PDE 2012 10 04 23 14 56.40   17.4400  -46.5000  10.0 5.5 5.5 NORTHERN MID-ATLANTIC RIDGE
event name:   C201210042314A
time shift:           2.2000
half duration:        1.3000
latitude:            17.6800
longitude:          -46.4700
depth:               12.0000
Mrr:           -1.810000E+24
Mtt:           -1.220000E+23
Mpp:            1.930000E+24
Mrt:           -2.510000E+23
Mrp:           -1.070000E+23
Mtp:            4.600000E+22
