 PDE 2011 11 01 00 21 28.10   43.6500   82.4400  28.0 5.5 5.6 NORTHERN XINJIANG, CHINA
event name:   C201111010021A
time shift:           1.3000
half duration:        1.5000
latitude:            43.5500
longitude:           82.4100
depth:               39.2000
Mrr:            1.930000E+24
Mtt:           -2.220000E+24
Mpp:            2.860000E+23
Mrt:            1.640000E+24
Mrp:            8.200000E+22
Mtp:           -1.030000E+23
