 PDE 2015 01 19 12 45 12.90   73.2200    6.4600  10.0 5.4 5.4 GREENLAND SEA
event name:   C201501191245A
time shift:           1.7000
half duration:        1.2000
latitude:            73.2200
longitude:            6.3500
depth:               12.0000
Mrr:           -1.400000E+24
Mtt:            1.800000E+22
Mpp:            1.380000E+24
Mrt:            2.900000E+22
Mrp:           -4.130000E+23
Mtp:            9.320000E+23
