 PDE 2015 11 22 18 16 04.70   36.4400   71.4400 102.0 5.8 5.7 AFGHANISTAN-TAJIKISTAN BORD REG.
event name:   C201511221816A
time shift:           1.0000
half duration:        1.9000
latitude:            36.4500
longitude:           71.3200
depth:              109.9000
Mrr:            4.660000E+24
Mtt:            3.990000E+23
Mpp:           -5.060000E+24
Mrt:           -1.500000E+24
Mrp:           -1.080000E+24
Mtp:           -1.860000E+24
