 PDE 2011 08 31 12 17 27.00   43.5900  -28.9000  10.0 5.6 5.6 NORTHERN MID-ATLANTIC RIDGE
event name:   C201108311217A
time shift:           2.3000
half duration:        1.5000
latitude:            43.6000
longitude:          -28.8500
depth:               12.0000
Mrr:           -2.770000E+24
Mtt:            5.780000E+23
Mpp:            2.190000E+24
Mrt:            2.840000E+23
Mrp:           -2.960000E+23
Mtp:            1.320000E+24
