 PDE 2017 09 16 10 11 33.50   42.2100   83.5200  16.0 5.5 5.4 NORTHERN XINJIANG, CHINA
event name:   C201709161011A
time shift:           1.2000
half duration:        1.4000
latitude:            42.1400
longitude:           83.4500
depth:               20.0000
Mrr:            2.140000E+24
Mtt:           -2.110000E+24
Mpp:           -2.500000E+22
Mrt:            1.450000E+24
Mrp:           -2.690000E+23
Mtp:           -2.600000E+22
