 PDE 2018 09 03 21 52 56.30   39.3900   76.8800  10.0 5.5 5.5 SOUTHERN XINJIANG, CHINA
event name:   C201809032151A
time shift:           3.2000
half duration:        1.4000
latitude:            39.5200
longitude:           77.0800
depth:               20.0000
Mrr:           -2.600000E+22
Mtt:           -2.450000E+24
Mpp:            2.480000E+24
Mrt:           -4.000000E+22
Mrp:            8.500000E+22
Mtp:            1.930000E+23
