 PDE 2015 07 16 11 01 45.90   13.8800  -58.4700   7.1 5.7 5.7 NORTH ATLANTIC OCEAN
event name:   C201507161101A
time shift:           3.7000
half duration:        1.7000
latitude:            13.9100
longitude:          -58.3600
depth:               16.7000
Mrr:           -1.040000E+24
Mtt:           -3.870000E+24
Mpp:            4.920000E+24
Mrt:            7.900000E+23
Mrp:            4.040000E+23
Mtp:            9.700000E+23
