 PDE 2015 06 29 22 07 48.50   36.6800   71.3000 191.0 5.5 5.5 AFGHANISTAN-TAJIKISTAN BORD REG.
event name:   C201506292207A
time shift:          -0.1000
half duration:        1.4000
latitude:            36.6800
longitude:           71.1300
depth:              195.5000
Mrr:            1.840000E+24
Mtt:           -8.810000E+23
Mpp:           -9.590000E+23
Mrt:            3.990000E+23
Mrp:            5.430000E+23
Mtp:           -1.280000E+24
