 PDE 2011 08 23 17 51 04.60   37.9400  -77.9300   6.0 5.7 5.8 VIRGINIA
event name:   C201108231751A
time shift:           1.1000
half duration:        1.8000
latitude:            37.9100
longitude:          -77.9300
depth:               12.0000
Mrr:            4.710000E+24
Mtt:            3.800000E+22
Mpp:           -4.740000E+24
Mrt:            3.990000E+23
Mrp:           -8.050000E+23
Mtp:           -1.230000E+24
