 PDE 2010 12 08 08 21 33.50   39.3200   72.8400  10.0 5.5 5.5 KYRGYZSTAN
event name:   C201012080821A
time shift:           2.3000
half duration:        1.4000
latitude:            39.4100
longitude:           72.7700
depth:               20.7000
Mrr:            6.050000E+23
Mtt:           -1.310000E+23
Mpp:           -4.730000E+23
Mrt:            5.800000E+23
Mrp:            1.940000E+23
Mtp:           -2.050000E+24
