 PDE 2012 12 29 17 50 52.80   35.7100   70.6000 117.4 5.6 5.6 HINDU KUSH REGION, AFGHANISTAN
event name:   C201212291750A
time shift:           0.5000
half duration:        1.5000
latitude:            35.5700
longitude:           70.4300
depth:              119.5000
Mrr:            1.840000E+24
Mtt:           -2.550000E+24
Mpp:            7.090000E+23
Mrt:            1.240000E+24
Mrp:            1.180000E+24
Mtp:           -3.170000E+23
