 PDE 2013 10 21 02 27 13.70   35.3400   77.0800  48.7 5.6 5.4 EASTERN KASHMIR
event name:   C201310210227A
time shift:          -0.6000
half duration:        1.5000
latitude:            35.4400
longitude:           76.9500
depth:               16.5000
Mrr:           -8.260000E+23
Mtt:            3.130000E+23
Mpp:            5.130000E+23
Mrt:            1.100000E+24
Mrp:           -5.910000E+23
Mtp:            2.400000E+24
