 PDE 2016 03 18 16 11 00.20   38.0200   72.4100  10.0 5.4 5.6 TAJIKISTAN
event name:   C201603181611A
time shift:           0.5000
half duration:        1.3000
latitude:            38.0400
longitude:           72.6200
depth:               24.0000
Mrr:           -1.190000E+23
Mtt:           -1.650000E+24
Mpp:            1.770000E+24
Mrt:            1.120000E+23
Mrp:           -2.610000E+23
Mtp:           -5.260000E+23
