 PDE 2011 12 03 09 27 11.10   17.9000  -59.8100  10.0 5.6 5.6 LEEWARD ISLANDS
event name:   C201112030927A
time shift:           4.3000
half duration:        1.6000
latitude:            18.0700
longitude:          -59.7000
depth:               12.0000
Mrr:           -1.470000E+24
Mtt:            4.710000E+23
Mpp:            9.950000E+23
Mrt:            8.110000E+23
Mrp:            2.620000E+23
Mtp:           -2.980000E+24
