 PDE 2016 04 20 10 51 42.00   13.1900  -55.9000  28.0 5.6 5.6 NORTH ATLANTIC OCEAN
event name:   C201604201051A
time shift:           2.0000
half duration:        1.6000
latitude:            13.2700
longitude:          -55.9100
depth:               40.8000
Mrr:            1.850000E+24
Mtt:           -3.420000E+24
Mpp:            1.570000E+24
Mrt:            2.460000E+23
Mrp:            1.530000E+24
Mtp:           -6.800000E+22
