 PDE 2010 02 27 23 21 14.00   35.9100   70.0400 113.3 5.7 5.7 HINDU KUSH REGION, AFGHANISTAN
event name:   C201002272321A
time shift:          -1.5000
half duration:        1.8000
latitude:            35.7500
longitude:           69.9600
depth:              115.0000
Mrr:            3.040000E+24
Mtt:           -3.500000E+24
Mpp:            4.600000E+23
Mrt:            3.300000E+24
Mrp:           -3.630000E+23
Mtp:            1.160000E+24
