 PDE 2018 12 23 19 32 22.10   30.4100   87.6200  10.0 5.7 5.8 XIZANG
event name:   C201812231932A
time shift:           4.1000
half duration:        1.8000
latitude:            30.1000
longitude:           87.7200
depth:               16.3000
Mrr:           -4.030000E+24
Mtt:           -1.210000E+24
Mpp:            5.250000E+24
Mrt:            1.780000E+24
Mrp:            4.000000E+21
Mtp:            4.870000E+23
