 PDE 2015 08 14 18 03 02.80   21.1000  -45.8500  10.0 5.6 5.5 NORTHERN MID-ATLANTIC RIDGE
event name:   C201508141803A
time shift:           1.9000
half duration:        1.5000
latitude:            21.1700
longitude:          -45.7300
depth:               12.0000
Mrr:           -2.810000E+24
Mtt:           -1.530000E+23
Mpp:            2.970000E+24
Mrt:           -1.720000E+23
Mrp:           -2.570000E+23
Mtp:            3.380000E+23
