 PDE 2015 02 13 18 59 12.20   52.6500  -31.9000  16.7 7.1 7.1 NORTHERN MID-ATLANTIC RIDGE
event name:   C201502131859A
time shift:          15.8000
half duration:        8.4000
latitude:            52.7000
longitude:          -32.7400
depth:               25.2000
Mrr:           -3.790000E+25
Mtt:           -1.030000E+26
Mpp:            1.410000E+26
Mrt:            8.910000E+25
Mrp:           -5.200000E+24
Mtp:           -4.910000E+26
