 PDE 2019 09 05 11 52 06.50   52.5900  -31.9200  10.0 5.5 5.5 NORTHERN MID-ATLANTIC RIDGE
event name:   C201909051152A
time shift:           2.1000
half duration:        1.3000
latitude:            52.6300
longitude:          -31.7300
depth:               14.4000
Mrr:           -2.890000E+23
Mtt:           -2.590000E+23
Mpp:            5.480000E+23
Mrt:            6.500000E+22
Mrp:           -1.240000E+23
Mtp:           -2.000000E+24
