 PDE 2010 11 27 02 44 52.70   10.2900  -43.1300  10.0 5.8 5.8 NORTHERN MID-ATLANTIC RIDGE
event name:   C201011270244A
time shift:           4.3000
half duration:        1.8000
latitude:            10.9300
longitude:          -43.3300
depth:               20.8000
Mrr:           -2.120000E+23
Mtt:           -1.070000E+24
Mpp:            1.280000E+24
Mrt:           -4.890000E+23
Mrp:            1.060000E+24
Mtp:           -5.070000E+24
