 PDE 2016 05 13 07 01 10.30   30.6600   66.3900  10.0 5.6 5.5 PAKISTAN
event name:   C201605130659A
time shift:          -1.9000
half duration:        1.6000
latitude:            30.6900
longitude:           66.5700
depth:               22.1000
Mrr:            3.310000E+23
Mtt:           -2.440000E+24
Mpp:            2.110000E+24
Mrt:           -2.960000E+23
Mrp:           -1.140000E+24
Mtp:           -2.350000E+24
