 PDE 2010 01 02 02 15 12.10   38.2400   71.4700  47.0 5.4 5.1 AFGHANISTAN-TAJIKISTAN BORD REG.
event name:   C201001020215A
time shift:          -1.1000
half duration:        1.3000
latitude:            38.4000
longitude:           71.4100
depth:               14.2000
Mrr:           -8.610000E+23
Mtt:           -9.560000E+23
Mpp:            1.820000E+24
Mrt:            3.280000E+23
Mrp:           -4.440000E+23
Mtp:            6.590000E+23
