 PDE 2013 05 01 06 57 13.50   33.0600   75.8600  15.0 5.6 5.7 EASTERN KASHMIR
event name:   C201305010657A
time shift:           4.4000
half duration:        1.6000
latitude:            33.0200
longitude:           75.6000
depth:               20.1000
Mrr:            2.230000E+24
Mtt:           -1.080000E+24
Mpp:           -1.140000E+24
Mrt:            2.170000E+24
Mrp:           -1.210000E+24
Mtp:            1.230000E+24
