 PDE 2018 12 19 03 38 37.90   30.5600  -41.8400  10.0 5.5 5.7 NORTHERN MID-ATLANTIC RIDGE
event name:   C201812190338A
time shift:           1.6000
half duration:        1.5000
latitude:            30.6200
longitude:          -41.9300
depth:               12.0000
Mrr:           -2.680000E+24
Mtt:            9.700000E+22
Mpp:            2.580000E+24
Mrt:            2.120000E+23
Mrp:           -2.640000E+23
Mtp:            3.790000E+23
