 PDE 2019 02 02 12 04 34.50   36.4600   70.7000 211.7 5.7 5.6 HINDU KUSH REGION, AFGHANISTAN
event name:   C201902021204A
time shift:           0.2000
half duration:        1.7000
latitude:            36.3600
longitude:           70.6000
depth:              214.6000
Mrr:            2.960000E+24
Mtt:           -2.730000E+24
Mpp:           -2.260000E+23
Mrt:            2.830000E+24
Mrp:            7.150000E+23
Mtp:            7.600000E+22
