 PDE 2012 07 19 07 36 35.50   37.2500   71.3800  98.4 5.7 5.6 AFGHANISTAN-TAJIKISTAN BORD REG.
event name:   C201207190736A
time shift:           1.7000
half duration:        1.6000
latitude:            37.1200
longitude:           71.1900
depth:              110.7000
Mrr:            3.430000E+24
Mtt:           -3.630000E+24
Mpp:            2.090000E+23
Mrt:            1.190000E+24
Mrp:           -3.100000E+23
Mtp:            3.970000E+23
