 PDE 2015 11 17 17 29 36.30   40.3800   73.2000  18.0 5.5 5.6 KYRGYZSTAN
event name:   C201511171729A
time shift:           3.2000
half duration:        1.4000
latitude:            40.4400
longitude:           73.0700
depth:               22.6000
Mrr:            1.850000E+24
Mtt:           -1.870000E+24
Mpp:            1.300000E+22
Mrt:           -3.230000E+23
Mrp:           -1.360000E+24
Mtp:           -1.240000E+24
