 PDE 2016 12 20 10 04 39.40   37.1400   84.9600  10.0 5.5 5.6 SOUTHERN XINJIANG, CHINA
event name:   C201612201004A
time shift:           3.6000
half duration:        1.5000
latitude:            37.3000
longitude:           84.9000
depth:               26.0000
Mrr:            6.760000E+23
Mtt:           -1.180000E+24
Mpp:            5.090000E+23
Mrt:           -4.230000E+23
Mrp:            4.000000E+21
Mtp:            2.470000E+24
