 PDE 2015 12 28 06 55 29.90   14.6600  -61.3500 150.0 5.7 5.6 WINDWARD ISLANDS
event name:   C201512280655A
time shift:           0.8000
half duration:        1.7000
latitude:            14.6600
longitude:          -61.3000
depth:              151.1000
Mrr:           -2.120000E+24
Mtt:            3.210000E+24
Mpp:           -1.090000E+24
Mrt:           -2.170000E+24
Mrp:           -8.840000E+23
Mtp:           -1.470000E+24
