 PDE 2016 06 25 17 54 19.70   53.9000  -35.3600  10.0 5.5 5.5 REYKJANES RIDGE
event name:   C201606251754A
time shift:           1.7000
half duration:        1.4000
latitude:            53.9200
longitude:          -35.2500
depth:               12.0000
Mrr:           -2.050000E+24
Mtt:           -3.860000E+23
Mpp:            2.440000E+24
Mrt:            4.640000E+23
Mrp:           -4.760000E+23
Mtp:            4.100000E+22
