 PDE 2013 05 11 03 09 47.40   26.5500   57.9300   8.9 5.5 5.5 SOUTHERN IRAN
event name:   C201305110309A
time shift:           4.3000
half duration:        1.4000
latitude:            26.5300
longitude:           57.8500
depth:               18.5000
Mrr:           -2.670000E+23
Mtt:           -1.320000E+24
Mpp:            1.580000E+24
Mrt:            2.000000E+21
Mrp:           -5.170000E+23
Mtp:            1.570000E+24
