 PDE 2017 04 17 05 23 15.10   17.4500  -61.1400  16.0 5.7 5.6 LEEWARD ISLANDS
event name:   C201704170523A
time shift:           5.4000
half duration:        1.7000
latitude:            17.4900
longitude:          -61.1100
depth:               12.0000
Mrr:            1.170000E+24
Mtt:            2.440000E+23
Mpp:           -1.410000E+24
Mrt:           -2.510000E+24
Mrp:            3.310000E+24
Mtp:            7.490000E+23
