 PDE 2016 07 15 18 02 49.40   35.2100  -35.2200  16.0 5.6 5.5 NORTHERN MID-ATLANTIC RIDGE
event name:   C201607151802A
time shift:           3.6000
half duration:        1.6000
latitude:            35.2400
longitude:          -35.4100
depth:               22.8000
Mrr:           -1.540000E+23
Mtt:            1.260000E+24
Mpp:           -1.110000E+24
Mrt:           -7.450000E+23
Mrp:            4.400000E+22
Mtp:            3.220000E+24
