 PDE 2017 02 03 19 54 22.50   15.0700  -60.5300  44.0 5.8 5.8 LEEWARD ISLANDS
event name:   C201702031954A
time shift:           2.7000
half duration:        1.8000
latitude:            15.1600
longitude:          -60.3500
depth:               49.5000
Mrr:            4.540000E+24
Mtt:           -4.180000E+23
Mpp:           -4.120000E+24
Mrt:           -1.290000E+24
Mrp:            2.240000E+24
Mtp:            1.730000E+24
