 PDE 2016 03 21 14 48 51.30   27.7700   66.1000  10.0 5.7 5.6 PAKISTAN
event name:   C201603211448A
time shift:           1.7000
half duration:        1.7000
latitude:            27.6200
longitude:           66.1300
depth:               17.2000
Mrr:            4.940000E+23
Mtt:            1.170000E+23
Mpp:           -6.110000E+23
Mrt:           -9.750000E+23
Mrp:           -2.290000E+24
Mtp:           -3.480000E+24
