 PDE 2013 01 20 23 32 22.50   53.8700  -35.1300  10.0 5.5 5.5 REYKJANES RIDGE
event name:   C201301202332A
time shift:           2.7000
half duration:        1.3000
latitude:            54.0300
longitude:          -35.1100
depth:               12.0000
Mrr:           -1.970000E+24
Mtt:            1.300000E+22
Mpp:            1.960000E+24
Mrt:            3.800000E+23
Mrp:           -7.700000E+22
Mtp:            2.390000E+23
