 PDE 2012 10 21 01 25 22.00   66.3200  -18.6700   6.0 5.6 5.6 ICELAND REGION
event name:   C201210210125A
time shift:           1.6000
half duration:        1.5000
latitude:            66.4200
longitude:          -18.7400
depth:               12.0000
Mrr:           -2.440000E+24
Mtt:           -6.300000E+22
Mpp:            2.500000E+24
Mrt:            1.220000E+24
Mrp:           -5.220000E+23
Mtp:           -9.310000E+23
