 PDE 2011 10 06 00 39 32.80   57.8900  -32.4900  10.0 5.6 5.6 REYKJANES RIDGE
event name:   C201110060039A
time shift:           1.4000
half duration:        1.6000
latitude:            57.9600
longitude:          -32.3500
depth:               12.0000
Mrr:           -3.340000E+24
Mtt:            3.550000E+23
Mpp:            2.980000E+24
Mrt:            3.760000E+23
Mrp:           -1.500000E+23
Mtp:            1.230000E+24
