 PDE 2010 03 24 02 06 10.30   32.5000   92.7000   5.0 5.7 5.7 XIZANG
event name:   C201003240206A
time shift:           6.1000
half duration:        1.7000
latitude:            32.3700
longitude:           92.8900
depth:               17.8000
Mrr:           -1.040000E+24
Mtt:           -2.150000E+24
Mpp:            3.190000E+24
Mrt:           -1.070000E+24
Mrp:            8.000000E+21
Mtp:            3.410000E+24
