 PDE 2013 05 18 10 57 47.10   26.5000   57.7100  15.0 5.5 5.5 SOUTHERN IRAN
event name:   C201305181057A
time shift:           1.7000
half duration:        1.4000
latitude:            26.4900
longitude:           57.6400
depth:               12.8000
Mrr:           -8.800000E+22
Mtt:           -6.030000E+23
Mpp:            6.910000E+23
Mrt:            7.880000E+23
Mrp:            3.030000E+23
Mtp:            2.040000E+24
