 PDE 2017 09 01 11 07 37.00   57.0600  -34.0700  10.0 5.5 5.5 REYKJANES RIDGE
event name:   C201709011107A
time shift:           1.4000
half duration:        1.5000
latitude:            56.9900
longitude:          -33.8800
depth:               12.0000
Mrr:           -2.530000E+24
Mtt:            2.900000E+22
Mpp:            2.500000E+24
Mrt:            5.770000E+23
Mrp:            1.260000E+23
Mtp:            5.610000E+23
