 PDE 2018 08 07 13 57 09.80   74.6500    8.4500  10.0 5.7 5.7 GREENLAND SEA
event name:   C201808071357A
time shift:           0.5000
half duration:        1.8000
latitude:            74.6700
longitude:            8.3500
depth:               12.0000
Mrr:           -4.600000E+24
Mtt:            8.840000E+23
Mpp:            3.710000E+24
Mrt:           -1.180000E+24
Mrp:           -1.360000E+24
Mtp:            2.130000E+24
