 PDE 2010 06 03 05 35 44.70   33.3300   96.1500  23.8 5.5 5.5 QINGHAI, CHINA
event name:   C201006030535A
time shift:           0.1000
half duration:        1.3000
latitude:            33.2300
longitude:           96.2800
depth:               23.9000
Mrr:            2.590000E+23
Mtt:           -2.810000E+23
Mpp:            2.100000E+22
Mrt:           -3.330000E+23
Mrp:           -3.700000E+22
Mtp:            1.970000E+24
