 PDE 2018 11 27 19 34 45.60   15.5700  -49.8500  10.0 5.5 5.6 NORTH ATLANTIC OCEAN
event name:   C201811271934A
time shift:           2.7000
half duration:        1.3000
latitude:            15.6200
longitude:          -49.7800
depth:               12.0000
Mrr:           -1.510000E+24
Mtt:            2.070000E+24
Mpp:           -5.600000E+23
Mrt:           -6.190000E+23
Mrp:           -6.370000E+23
Mtp:            5.900000E+23
