 PDE 2017 01 31 00 55 01.90   34.6300  -36.5500  10.0 5.5 5.2 NORTHERN MID-ATLANTIC RIDGE
event name:   C201701310055A
time shift:           0.8000
half duration:        1.4000
latitude:            34.7600
longitude:          -36.6200
depth:               12.0000
Mrr:           -2.090000E+24
Mtt:           -5.000000E+22
Mpp:            2.140000E+24
Mrt:           -1.750000E+23
Mrp:           -1.840000E+23
Mtp:            1.520000E+24
