 PDE 2016 10 18 22 08 14.40   15.2200  -61.5100 146.0 5.6 5.6 LEEWARD ISLANDS
event name:   C201610182208A
time shift:           2.0000
half duration:        1.6000
latitude:            15.3800
longitude:          -61.4600
depth:              145.5000
Mrr:           -3.060000E+24
Mtt:            3.450000E+24
Mpp:           -3.910000E+23
Mrt:           -3.500000E+23
Mrp:            4.440000E+23
Mtp:            8.220000E+23
