 PDE 2010 03 24 02 44 50.70   32.5100   92.8200  13.2 5.4 5.5 XIZANG
event name:   C201003240244A
time shift:           2.8000
half duration:        1.3000
latitude:            32.3700
longitude:           92.9200
depth:               19.1000
Mrr:           -1.460000E+23
Mtt:           -1.240000E+24
Mpp:            1.390000E+24
Mrt:           -3.640000E+23
Mrp:            6.200000E+22
Mtp:            1.220000E+24
