 PDE 2011 01 18 20 23 23.50   28.7800   63.9400  68.0 7.2 7.2 SOUTHWESTERN PAKISTAN
event name:   C201101182023A
time shift:           8.3000
half duration:       10.1000
latitude:            28.6100
longitude:           63.9000
depth:               52.3000
Mrr:           -6.400000E+26
Mtt:            5.400000E+26
Mpp:            1.000000E+26
Mrt:            2.880000E+26
Mrp:            4.180000E+26
Mtp:            4.090000E+26
