 PDE 2017 05 10 21 58 21.60   37.6600   75.2900   7.0 5.5 5.4 TAJIKISTAN-XINJIANG BORDER REG.
event name:   C201705102158A
time shift:           0.7000
half duration:        1.3000
latitude:            37.7300
longitude:           75.4000
depth:               12.0000
Mrr:           -1.490000E+24
Mtt:           -1.660000E+23
Mpp:            1.650000E+24
Mrt:            1.060000E+24
Mrp:           -5.470000E+23
Mtp:           -7.860000E+23
