 PDE 2018 11 17 13 17 59.50   15.5400  -49.9100  10.0 5.5 5.5 NORTH ATLANTIC OCEAN
event name:   C201811171318A
time shift:           2.5000
half duration:        1.3000
latitude:            15.6100
longitude:          -49.7700
depth:               12.0000
Mrr:           -1.300000E+24
Mtt:            1.950000E+24
Mpp:           -6.480000E+23
Mrt:           -3.930000E+23
Mrp:           -6.370000E+23
Mtp:            4.880000E+23
