 PDE 2017 09 10 21 40 20.60   57.1300  -33.6500  10.0 5.8 5.7 REYKJANES RIDGE
event name:   C201709102140A
time shift:           0.3000
half duration:        1.9000
latitude:            57.1000
longitude:          -33.5300
depth:               12.0000
Mrr:           -5.340000E+24
Mtt:           -1.450000E+23
Mpp:            5.480000E+24
Mrt:            5.770000E+23
Mrp:           -1.220000E+23
Mtp:            1.580000E+24
