 PDE 2015 12 07 07 50 07.50   38.2300   72.7500  33.0 7.2 7.2 TAJIKISTAN
event name:   C201512070750A
time shift:           6.3000
half duration:        9.6000
latitude:            38.3900
longitude:           72.9100
depth:               12.0000
Mrr:           -1.130000E+26
Mtt:           -6.280000E+26
Mpp:            7.410000E+26
Mrt:            1.290000E+26
Mrp:           -5.000000E+24
Mtp:           -3.050000E+26
