 PDE 2013 05 12 10 54 48.60   26.7200   57.7600  14.0 5.5 5.6 SOUTHERN IRAN
event name:   C201305121054A
time shift:          -1.4000
half duration:        1.4000
latitude:            26.5100
longitude:           57.6600
depth:               12.0000
Mrr:           -5.200000E+22
Mtt:           -6.540000E+23
Mpp:            7.070000E+23
Mrt:            9.620000E+23
Mrp:            4.220000E+23
Mtp:            2.170000E+24
