 PDE 2013 04 17 03 15 52.40   28.1100   62.3500  56.2 5.7 5.6 SOUTHWESTERN PAKISTAN
event name:   C201304170315A
time shift:           2.0000
half duration:        1.6000
latitude:            27.8800
longitude:           62.3800
depth:               46.3000
Mrr:           -3.190000E+24
Mtt:            3.610000E+24
Mpp:           -4.210000E+23
Mrt:            1.100000E+24
Mrp:            5.430000E+23
Mtp:            1.090000E+24
