 PDE 2012 06 11 05 29 11.50   36.0200   69.3500  16.0 5.7 5.7 HINDU KUSH REGION, AFGHANISTAN
event name:   C201206110529A
time shift:           0.6000
half duration:        1.8000
latitude:            36.0700
longitude:           69.2400
depth:               24.0000
Mrr:            1.080000E+24
Mtt:            3.840000E+24
Mpp:           -4.910000E+24
Mrt:           -1.870000E+24
Mrp:            1.610000E+23
Mtp:           -1.890000E+24
