 PDE 2017 11 28 13 15 45.40   72.6000    3.2800  10.0 5.6 5.5 NORWEGIAN SEA
event name:   C201711281315A
time shift:           1.2000
half duration:        1.5000
latitude:            72.6500
longitude:            3.2700
depth:               12.0000
Mrr:           -2.650000E+24
Mtt:            1.490000E+24
Mpp:            1.160000E+24
Mrt:            1.630000E+23
Mrp:           -5.970000E+23
Mtp:            1.570000E+24
