 PDE 2016 10 20 00 09 26.50   13.3100  -44.8800  10.0 5.7 5.6 NORTHERN MID-ATLANTIC RIDGE
event name:   C201610200009A
time shift:           3.5000
half duration:        1.8000
latitude:            13.4400
longitude:          -44.8100
depth:               12.0000
Mrr:           -4.500000E+24
Mtt:           -3.580000E+23
Mpp:            4.860000E+24
Mrt:           -4.060000E+23
Mrp:           -2.270000E+23
Mtp:            3.900000E+22
