 PDE 2011 08 11 10 06 29.40   39.9600   77.0300  10.0 5.6 5.7 SOUTHERN XINJIANG, CHINA
event name:   C201108111006A
time shift:           3.4000
half duration:        1.5000
latitude:            39.8600
longitude:           77.2200
depth:               12.0000
Mrr:            2.820000E+24
Mtt:           -3.220000E+24
Mpp:            4.010000E+23
Mrt:            3.320000E+23
Mrp:            6.110000E+23
Mtp:           -7.200000E+23
