 PDE 2018 09 07 06 23 38.70   28.3300   59.3200  10.0 5.6 5.6 SOUTHERN IRAN
event name:   C201809070623A
time shift:          -0.1000
half duration:        1.5000
latitude:            28.0200
longitude:           59.4000
depth:               17.5000
Mrr:            8.300000E+22
Mtt:            1.960000E+24
Mpp:           -2.050000E+24
Mrt:           -1.090000E+23
Mrp:            1.550000E+24
Mtp:            1.450000E+24
