 PDE 2016 07 14 08 36 29.10   41.4900  -29.3300  10.0 5.6 5.4 AZORES ISLANDS REGION
event name:   C201607140836A
time shift:           1.8000
half duration:        1.5000
latitude:            41.6400
longitude:          -29.2900
depth:               12.0000
Mrr:           -2.800000E+24
Mtt:            9.400000E+22
Mpp:            2.710000E+24
Mrt:            7.830000E+23
Mrp:           -3.470000E+23
Mtp:            1.160000E+23
