 PDE 2013 05 12 00 06 59.80   26.4000   57.5200  17.6 5.6 5.6 SOUTHERN IRAN
event name:   C201305120007A
time shift:           1.2000
half duration:        1.5000
latitude:            26.5200
longitude:           57.6600
depth:               15.0000
Mrr:           -1.170000E+23
Mtt:           -6.890000E+23
Mpp:            8.060000E+23
Mrt:            1.320000E+24
Mrp:            6.220000E+23
Mtp:            2.560000E+24
