 PDE 2013 02 25 05 11 07.50   34.2900   85.6500  10.0 5.6 5.6 XIZANG
event name:   C201302250511A
time shift:           4.0000
half duration:        1.5000
latitude:            34.3000
longitude:           85.6300
depth:               25.9000
Mrr:           -3.990000E+23
Mtt:           -2.610000E+24
Mpp:            3.010000E+24
Mrt:            7.240000E+23
Mrp:            2.460000E+23
Mtp:            3.580000E+23
