 PDE 2011 02 10 05 35 16.50   52.1300   91.7800  10.0 5.5 5.5 SOUTHWESTERN SIBERIA, RUSSIA
event name:   C201102100535A
time shift:           1.3000
half duration:        1.3000
latitude:            52.2200
longitude:           91.7600
depth:               26.3000
Mrr:            1.280000E+23
Mtt:           -1.210000E+24
Mpp:            1.080000E+24
Mrt:            2.310000E+23
Mrp:           -3.490000E+23
Mtp:            1.450000E+24
