 PDE 2010 05 29 02 29 48.60   33.1700   96.0700   7.0 5.8 5.8 QINGHAI, CHINA
event name:   C201005290230A
time shift:           5.4000
half duration:        1.9000
latitude:            33.2000
longitude:           96.2800
depth:               20.8000
Mrr:            3.170000E+23
Mtt:           -2.960000E+24
Mpp:            2.650000E+24
Mrt:            1.500000E+22
Mrp:            1.810000E+23
Mtp:            4.840000E+24
