 PDE 2010 04 18 20 28 49.80   35.6400   67.6600  10.0 5.6 5.6 HINDU KUSH REGION, AFGHANISTAN
event name:   C201004182028A
time shift:           2.8000
half duration:        1.5000
latitude:            35.8300
longitude:           67.4900
depth:               17.1000
Mrr:            3.420000E+23
Mtt:            4.440000E+23
Mpp:           -7.870000E+23
Mrt:            1.930000E+23
Mrp:           -3.600000E+22
Mtp:           -2.790000E+24
