 PDE 2017 10 03 20 39 04.70   13.4600  -49.3300  10.0 5.6 5.7 NORTH ATLANTIC OCEAN
event name:   C201710032039A
time shift:           3.2000
half duration:        1.6000
latitude:            13.5100
longitude:          -49.3500
depth:               19.1000
Mrr:            3.450000E+23
Mtt:            1.560000E+24
Mpp:           -1.900000E+24
Mrt:           -3.110000E+23
Mrp:           -9.220000E+23
Mtp:            2.800000E+24
