 PDE 2016 06 28 21 38 04.40   39.4700   73.3400  13.6 5.5 5.5 TAJIKISTAN-XINJIANG BORDER REG.
event name:   C201606282138A
time shift:           1.7000
half duration:        1.3000
latitude:            39.4900
longitude:           73.3200
depth:               21.9000
Mrr:            6.130000E+23
Mtt:           -1.820000E+23
Mpp:           -4.320000E+23
Mrt:            5.520000E+23
Mrp:           -4.480000E+23
Mtp:           -1.920000E+24
