 PDE 2013 09 30 08 16 09.10   49.5000  -28.4900  10.0 5.5 5.4 NORTHERN MID-ATLANTIC RIDGE
event name:   C201309300816A
time shift:           2.0000
half duration:        1.4000
latitude:            49.5200
longitude:          -28.3300
depth:               12.0000
Mrr:           -2.120000E+24
Mtt:            3.500000E+22
Mpp:            2.080000E+24
Mrt:            3.510000E+23
Mrp:           -7.840000E+23
Mtp:            1.630000E+23
