 PDE 2012 10 05 00 19 57.00   17.4800  -46.4600  10.0 5.5 5.7 NORTHERN MID-ATLANTIC RIDGE
event name:   C201210050019A
time shift:           1.7000
half duration:        1.3000
latitude:            17.6800
longitude:          -46.4300
depth:               12.0000
Mrr:           -1.840000E+24
Mtt:            9.600000E+22
Mpp:            1.740000E+24
Mrt:           -3.730000E+23
Mrp:           -3.400000E+23
Mtp:            8.900000E+22
