 PDE 2012 03 12 06 06 40.60   36.7400   73.1500  11.0 5.7 5.6 NORTHWESTERN KASHMIR
event name:   C201203120606A
time shift:           1.3000
half duration:        1.7000
latitude:            36.8800
longitude:           73.2400
depth:               22.0000
Mrr:           -2.510000E+24
Mtt:           -2.220000E+24
Mpp:            4.730000E+24
Mrt:            1.370000E+24
Mrp:           -6.780000E+23
Mtp:           -3.510000E+23
