 PDE 2018 03 23 07 40 29.00   12.6500  -44.5700  10.0 5.6 5.6 NORTHERN MID-ATLANTIC RIDGE
event name:   C201803230740A
time shift:           3.1000
half duration:        1.5000
latitude:            12.7000
longitude:          -44.4600
depth:               15.5000
Mrr:           -4.330000E+23
Mtt:           -5.440000E+23
Mpp:            9.770000E+23
Mrt:            1.190000E+23
Mrp:            3.510000E+23
Mtp:           -2.800000E+24
