 PDE 2017 03 31 17 25 23.10   52.6700  -32.3200  10.0 5.6 5.5 REYKJANES RIDGE
event name:   C201703311725A
time shift:           4.0000
half duration:        1.6000
latitude:            52.6600
longitude:          -32.2300
depth:               22.9000
Mrr:           -7.190000E+23
Mtt:           -3.940000E+23
Mpp:            1.110000E+24
Mrt:            2.170000E+23
Mrp:           -4.570000E+23
Mtp:           -3.510000E+24
