 PDE 2011 11 18 06 00 54.00   33.7000  -38.4900  10.0 5.7 5.7 NORTHERN MID-ATLANTIC RIDGE
event name:   C201111180600A
time shift:           4.0000
half duration:        1.7000
latitude:            33.7300
longitude:          -38.4900
depth:               14.3000
Mrr:           -8.190000E+23
Mtt:            2.120000E+24
Mpp:           -1.300000E+24
Mrt:           -6.560000E+23
Mrp:            5.090000E+23
Mtp:            4.090000E+24
