 PDE 2019 12 30 17 18 59.90   35.6000   74.6200  30.6 5.6 5.5 NORTHWESTERN KASHMIR
event name:   C201912301719A
time shift:          -1.9000
half duration:        1.5000
latitude:            35.5700
longitude:           74.6500
depth:               12.0000
Mrr:           -1.830000E+24
Mtt:           -7.430000E+23
Mpp:            2.570000E+24
Mrt:            8.140000E+23
Mrp:           -2.680000E+23
Mtp:            1.650000E+24
