 PDE 2019 09 24 11 01 55.00   33.0800   73.8000  10.0 5.7 5.4 PAKISTAN
event name:   C201909241101A
time shift:          -1.5000
half duration:        1.7000
latitude:            32.8300
longitude:           73.8500
depth:               14.7000
Mrr:            1.100000E+24
Mtt:           -1.370000E+24
Mpp:            2.620000E+23
Mrt:            3.840000E+24
Mrp:           -1.060000E+24
Mtp:           -7.500000E+22
