 PDE 2012 07 12 14 00 34.30   36.5300   70.9100 198.0 5.8 5.8 HINDU KUSH REGION, AFGHANISTAN
event name:   C201207121400A
time shift:           1.0000
half duration:        1.9000
latitude:            36.4700
longitude:           70.7600
depth:              192.2000
Mrr:            4.670000E+24
Mtt:           -4.260000E+24
Mpp:           -4.120000E+23
Mrt:           -3.290000E+24
Mrp:            2.150000E+23
Mtp:           -7.000000E+23
