 PDE 2012 05 12 23 28 43.60   38.6100   70.3500  10.0 5.7 5.9 AFGHANISTAN-TAJIKISTAN BORD REG.
event name:   C201205122328A
time shift:           1.1000
half duration:        1.7000
latitude:            38.6900
longitude:           70.2100
depth:               21.5000
Mrr:            2.680000E+24
Mtt:           -4.130000E+23
Mpp:           -2.260000E+24
Mrt:            2.570000E+23
Mrp:           -2.960000E+24
Mtp:           -2.280000E+24
