 PDE 2013 04 24 09 25 30.00   34.5300   70.2200  63.8 5.5 5.5 SOUTHEASTERN AFGHANISTAN
event name:   C201304240925A
time shift:           1.4000
half duration:        1.4000
latitude:            34.4100
longitude:           70.4500
depth:              103.8000
Mrr:            1.130000E+24
Mtt:            9.230000E+23
Mpp:           -2.050000E+24
Mrt:           -1.190000E+24
Mrp:            6.190000E+23
Mtp:            9.700000E+23
