 PDE 2013 05 18 10 03 16.30   26.6100   57.7800  15.0 5.5 5.6 SOUTHERN IRAN
event name:   C201305181003A
time shift:           1.7000
half duration:        1.4000
latitude:            26.5000
longitude:           57.6800
depth:               12.0000
Mrr:           -3.900000E+22
Mtt:           -1.240000E+24
Mpp:            1.280000E+24
Mrt:            7.350000E+23
Mrp:            2.800000E+23
Mtp:            2.050000E+24
