 PDE 2015 10 23 00 27 39.60   29.6400   70.3300  11.0 5.6 5.6 PAKISTAN
event name:   C201510230027A
time shift:           3.3000
half duration:        1.6000
latitude:            29.4900
longitude:           70.3300
depth:               12.0000
Mrr:            2.940000E+24
Mtt:           -5.110000E+23
Mpp:           -2.430000E+24
Mrt:           -4.340000E+23
Mrp:           -1.200000E+24
Mtp:           -1.470000E+24
