 PDE 2020 05 02 11 13 18.80   17.9400  -66.7000   6.2 5.5 5.4 PUERTO RICO REGION
event name:   C202005021113A
time shift:           2.1000
half duration:        1.3000
latitude:            18.0500
longitude:          -66.7200
depth:               12.0000
Mrr:           -1.750000E+24
Mtt:            1.070000E+24
Mpp:            6.850000E+23
Mrt:            1.210000E+23
Mrp:           -1.030000E+23
Mtp:            1.050000E+24
