 PDE 2020 05 30 03 21 51.60   25.9800  -44.9500  10.0 5.6 5.6 NORTHERN MID-ATLANTIC RIDGE
event name:   C202005300321A
time shift:           2.9000
half duration:        1.5000
latitude:            25.9300
longitude:          -44.9700
depth:               12.0000
Mrr:           -2.780000E+24
Mtt:            1.510000E+23
Mpp:            2.630000E+24
Mrt:            2.700000E+22
Mrp:           -1.400000E+23
Mtp:            7.330000E+23
