 PDE 2020 10 20 13 43 17.50   64.0100  -22.1500  10.0 5.6 5.6 ICELAND
event name:   C202010201343A
time shift:           1.4000
half duration:        1.6000
latitude:            63.8600
longitude:          -22.1900
depth:               12.0000
Mrr:           -7.680000E+23
Mtt:            6.200000E+22
Mpp:            7.070000E+23
Mrt:            2.350000E+23
Mrp:           -8.070000E+23
Mtp:            3.210000E+24
