 PDE 2020 01 07 08 34 02.00   17.8900  -66.7200  10.0 5.6 5.6 PUERTO RICO REGION
event name:   C202001070834A
time shift:           3.4000
half duration:        1.5000
latitude:            18.0100
longitude:          -66.6900
depth:               12.0000
Mrr:           -2.550000E+24
Mtt:            1.540000E+24
Mpp:            1.010000E+24
Mrt:           -7.890000E+23
Mrp:           -1.070000E+24
Mtp:            1.410000E+24
