 PDE 2020 01 07 08 24 25.00   17.8600  -66.8300   7.4 6.4 6.4 PUERTO RICO REGION
event name:   C202001070824A
time shift:           6.8000
half duration:        3.7000
latitude:            18.0200
longitude:          -66.7900
depth:               12.0000
Mrr:           -3.190000E+25
Mtt:            3.420000E+25
Mpp:           -2.350000E+24
Mrt:           -7.070000E+24
Mrp:           -1.500000E+25
Mtp:            2.350000E+25
