 PDE 2020 03 12 15 44 02.80   32.7200   85.3400  10.0 5.5 5.0 XIZANG
event name:   C202003121544A
time shift:           4.8000
half duration:        1.3000
latitude:            32.7600
longitude:           85.5300
depth:               26.2000
Mrr:           -3.140000E+23
Mtt:           -1.700000E+24
Mpp:            2.010000E+24
Mrt:            4.920000E+23
Mrp:           -9.700000E+22
Mtp:            5.060000E+23
