 PDE 2020 09 21 18 04 57.70   51.8600  103.4800  10.0 5.5 5.6 LAKE BAYKAL REGION, RUSSIA
event name:   C202009211804A
time shift:           2.4000
half duration:        1.4000
latitude:            51.8500
longitude:          103.5000
depth:               25.9000
Mrr:           -1.590000E+23
Mtt:            1.220000E+24
Mpp:           -1.070000E+24
Mrt:            3.090000E+23
Mrp:            1.830000E+23
Mtp:            2.180000E+24
