 PDE 2020 01 24 07 09 15.80   39.1700   71.5100  10.0 5.5 5.5 TAJIKISTAN
event name:   C202001240709A
time shift:          -0.3000
half duration:        1.4000
latitude:            39.2200
longitude:           71.5600
depth:               12.0000
Mrr:            2.130000E+24
Mtt:           -5.270000E+23
Mpp:           -1.610000E+24
Mrt:           -6.120000E+23
Mrp:           -6.580000E+23
Mtp:           -1.140000E+24
