 PDE 2020 01 06 10 32 20.80   17.9200  -66.7800  10.0 5.7 5.7 PUERTO RICO REGION
event name:   C202001061032A
time shift:           2.6000
half duration:        1.7000
latitude:            18.0500
longitude:          -66.7800
depth:               12.0000
Mrr:           -1.490000E+23
Mtt:            2.130000E+24
Mpp:           -1.980000E+24
Mrt:            4.000000E+21
Mrp:           -1.870000E+24
Mtp:            3.250000E+24
