 PDE 2020 06 20 19 26 21.40   66.2900  -18.8900  10.0 5.8 5.7 ICELAND REGION
event name:   C202006201926A
time shift:           4.3000
half duration:        1.8000
latitude:            66.2600
longitude:          -18.5400
depth:               12.0000
Mrr:           -5.260000E+23
Mtt:           -1.680000E+24
Mpp:            2.200000E+24
Mrt:            7.730000E+23
Mrp:           -9.040000E+23
Mtp:           -4.770000E+24
