 PDE 2020 06 25 21 05 18.10   35.6000   82.4200  10.0 6.3 6.3 XIZANG
event name:   C202006252105A
time shift:           6.0000
half duration:        3.3000
latitude:            35.7100
longitude:           82.3500
depth:               13.3000
Mrr:           -2.660000E+25
Mtt:           -5.360000E+24
Mpp:            3.200000E+25
Mrt:            8.240000E+24
Mrp:            3.200000E+24
Mtp:            1.050000E+25
