 PDE 2020 04 01 12 23 27.10   33.1200   98.9200  10.0 5.6 5.4 QINGHAI, CHINA
event name:   C202004011223A
time shift:           1.3000
half duration:        1.6000
latitude:            32.9900
longitude:           98.8800
depth:               22.8000
Mrr:           -1.510000E+23
Mtt:            3.140000E+24
Mpp:           -2.990000E+24
Mrt:           -3.800000E+23
Mrp:           -3.540000E+23
Mtp:            1.000000E+24
