 PDE 2020 06 21 19 07 54.80   66.3800  -18.7100  10.0 6.0 6.0 ICELAND REGION
event name:   C202006211907A
time shift:           3.7000
half duration:        2.4000
latitude:            66.4600
longitude:          -18.7200
depth:               12.0000
Mrr:           -1.250000E+25
Mtt:            1.300000E+23
Mpp:            1.230000E+25
Mrt:            1.990000E+24
Mrp:           -1.770000E+24
Mtp:            3.900000E+23
