 PDE 2020 08 12 22 40 45.80   28.0400   65.9600  14.0 5.7 5.6 PAKISTAN
event name:   C202008122240A
time shift:          -0.1000
half duration:        1.7000
latitude:            27.9400
longitude:           65.9800
depth:               15.0000
Mrr:           -1.080000E+23
Mtt:           -1.180000E+24
Mpp:            1.290000E+24
Mrt:           -6.180000E+23
Mrp:           -1.820000E+24
Mtp:           -3.270000E+24
