 PDE 2020 07 22 20 07 19.20   33.1400   86.8600  10.0 6.4 6.3 XIZANG
event name:   C202007222007A
time shift:           5.3000
half duration:        3.9000
latitude:            33.1000
longitude:           86.8700
depth:               16.8000
Mrr:           -4.410000E+25
Mtt:           -1.080000E+25
Mpp:            5.480000E+25
Mrt:           -1.490000E+24
Mrp:           -4.450000E+24
Mtp:            1.000000E+25
