 PDE 2020 01 07 11 18 42.40   17.9200  -66.7500  10.0 5.8 5.8 PUERTO RICO REGION
event name:   C202001071118A
time shift:           5.0000
half duration:        1.9000
latitude:            18.0400
longitude:          -66.7200
depth:               16.5000
Mrr:           -3.570000E+23
Mtt:            4.040000E+24
Mpp:           -3.690000E+24
Mrt:           -2.900000E+24
Mrp:           -1.390000E+24
Mtp:            3.360000E+24
