 PDE 2020 06 16 01 30 48.40   37.8300   72.2000 127.0 5.7 5.6 TAJIKISTAN
event name:   C202006160130A
time shift:           2.1000
half duration:        1.7000
latitude:            37.7700
longitude:           72.1100
depth:              139.6000
Mrr:            1.030000E+24
Mtt:           -4.950000E+23
Mpp:           -5.360000E+23
Mrt:           -3.740000E+24
Mrp:           -2.150000E+24
Mtp:           -1.000000E+24
