 PDE 2020 10 30 22 56 47.70   71.5400   -3.3000  10.0 5.6 5.6 JAN MAYEN ISLAND REGION
event name:   C202010302256A
time shift:           0.7000
half duration:        1.5000
latitude:            71.5200
longitude:           -3.4800
depth:               12.0000
Mrr:           -2.500000E+24
Mtt:            1.750000E+24
Mpp:            7.520000E+23
Mrt:           -5.600000E+23
Mrp:           -2.970000E+23
Mtp:            2.000000E+24
