 PDE 2020 06 20 15 05 11.40   66.2500  -18.6600  10.0 5.4 5.4 ICELAND REGION
event name:   C202006201505A
time shift:           1.1000
half duration:        1.3000
latitude:            66.2900
longitude:          -18.5200
depth:               12.0000
Mrr:           -1.780000E+23
Mtt:           -5.920000E+23
Mpp:            7.700000E+23
Mrt:            4.640000E+23
Mrp:           -2.680000E+23
Mtp:           -1.560000E+24
