 PDE 2010 07 08 12 48 22.00  -24.0100 -179.7900 510.7 5.4 0.0 SOUTH OF FIJI ISLANDS
event name:   B201007081248A
time shift:           3.4978
half duration:        1.8000
latitude:           -24.0293
longitude:         -179.6981
depth:              534.1877
Mrr:            4.414464E+23
Mtt:            1.670052E+24
Mpp:           -2.111500E+24
Mrt:            1.401433E+24
Mrp:           -3.262598E+24
Mtp:           -3.852043E+24
