 PDE 2002 01 02 14 50 33.50  -17.9800  178.7400 665.8 5.3 0.0 FIJI ISLANDS
event name:         C010202E
time shift:           5.2427
half duration:        3.0000
latitude:           -17.6321
longitude:          178.8404
depth:              675.9003
Mrr:            9.251226E+23
Mtt:            2.337384E+25
Mpp:           -2.429896E+25
Mrt:           -2.996996E+24
Mrp:           -8.091667E+23
Mtp:           -8.201774E+23
