 PDE 2004 11 07 02 02 26.20   47.9500  144.4800 474.0 5.4 0.0 SEA OF OKHOTSK
event name:         C110704A
time shift:           2.4885
half duration:        2.8000
latitude:            47.9225
longitude:          144.5101
depth:              488.7015
Mrr:            7.641708E+24
Mtt:            1.083485E+25
Mpp:           -1.847655E+25
Mrt:           -9.713374E+24
Mrp:            4.378815E+24
Mtp:           -7.027576E+24
