 PDE 2001 11 05 23 07 11.70  -17.2900 -179.2500 564.1 5.4 0.0 FIJI ISLANDS REGION
event name:         C110501D
time shift:           5.0423
half duration:        3.3000
latitude:           -17.1198
longitude:         -178.9746
depth:              576.5090
Mrr:           -1.776099E+25
Mtt:            2.883786E+25
Mpp:           -1.107687E+25
Mrt:            1.022253E+25
Mrp:           -4.245264E+24
Mtp:            1.635791E+25
