 PDE 2009 12 10 02 30 52.70   53.4200  152.7600 656.2 6.1 6.3 SEA OF OKHOTSK
event name:   C200912100230A
time shift:           1.4214
half duration:        3.4000
latitude:            53.4350
longitude:          152.7608
depth:              656.7616
Mrr:           -1.898306E+25
Mtt:           -1.045613E+25
Mpp:            2.943920E+25
Mrt:           -1.410232E+25
Mrp:           -1.647456E+25
Mtp:           -5.175235E+24
