 PDE 2011 11 28 09 13 11.30   -7.0200  116.9800 616.5 5.9 5.8 BALI SEA
event name:   C201111280913A
time shift:           2.1563
half duration:        2.0000
latitude:            -6.9839
longitude:          116.9975
depth:              627.4826
Mrr:           -5.268798E+24
Mtt:            6.677337E+24
Mpp:           -1.408538E+24
Mrt:            2.057054E+24
Mrp:           -1.888017E+24
Mtp:            5.324472E+24
