 PDE 2010 02 18 01 13 19.50   42.5900  130.7000 577.7 6.3 6.9 E. RUSSIA-N.E. CHINA BORDER REG.
event name:   C201002180113A
time shift:           2.8800
half duration:        6.7000
latitude:            42.4847
longitude:          130.6626
depth:              575.8900
Mrr:            2.833986E+25
Mtt:            2.019414E+25
Mpp:           -4.853402E+25
Mrt:            2.477458E+25
Mrp:           -2.579911E+26
Mtp:           -6.043959E+25
