 PDE 2013 09 21 01 39 14.80   -7.2600  119.9600 536.8 0.0 6.1 FLORES SEA
event name:   C201309210139A
time shift:           3.8277
half duration:        2.6000
latitude:            -7.3172
longitude:          119.9256
depth:              547.7032
Mrr:           -1.210715E+25
Mtt:            1.610975E+25
Mpp:           -4.002608E+24
Mrt:            5.686060E+24
Mrp:            9.482588E+24
Mtp:            6.015300E+23
