 PDE 2011 10 27 00 15 24.50  -17.9400 -179.5300 602.9 5.3 6.0 FIJI ISLANDS REGION
event name:   C201110270015A
time shift:           2.4273
half duration:        2.4000
latitude:           -17.9709
longitude:         -179.3998
depth:              608.6462
Mrr:           -4.385181E+24
Mtt:            5.014968E+24
Mpp:           -6.297884E+23
Mrt:            5.160306E+24
Mrp:           -9.109553E+24
Mtp:           -3.518428E+24
