 PDE 2012 05 28 05 07 23.50  -28.0400  -63.0900 586.9 6.0 6.8 SANTIAGO DEL ESTERO PROV., ARG.
event name:   C201205280507A
time shift:           3.7307
half duration:        5.3000
latitude:           -28.2529
longitude:          -63.0765
depth:              591.3478
Mrr:           -7.870567E+25
Mtt:           -9.227884E+24
Mpp:            8.793355E+25
Mrt:           -5.102741E+25
Mrp:            1.012289E+26
Mtp:            9.133970E+24
