 PDE 2012 05 26 21 48 10.10   26.9100  140.0500 487.4 5.5 6.0 BONIN ISLANDS, JAPAN REGION
event name:   C201205262148A
time shift:           2.8277
half duration:        2.3000
latitude:            26.8681
longitude:          140.1755
depth:              473.4040
Mrr:           -8.172931E+24
Mtt:            3.749489E+24
Mpp:            4.423442E+24
Mrt:           -3.829973E+24
Mrp:           -4.177346E+24
Mtp:           -8.025941E+24
