 PDE 2013 04 06 00 29 55.10   42.7300  130.9800 562.8 5.5 5.9 E. RUSSIA-N.E. CHINA BORDER REG.
event name:   C201304060029A
time shift:           2.2784
half duration:        1.9000
latitude:            42.8158
longitude:          131.0473
depth:              574.1611
Mrr:            2.733502E+24
Mtt:           -1.012777E+24
Mpp:           -1.720726E+24
Mrt:            2.253945E+23
Mrp:           -5.648007E+24
Mtp:            1.214370E+24
