 PDE 2012 06 02 07 52 54.00  -22.0600  -63.5600 527.0 5.8 6.0 SALTA PROVINCE, ARGENTINA
event name:   C201206020752A
time shift:           2.6055
half duration:        2.4000
latitude:           -22.0812
longitude:          -63.6005
depth:              544.7598
Mrr:           -1.193981E+25
Mtt:           -2.668537E+23
Mpp:            1.220667E+25
Mrt:           -8.679821E+23
Mrp:            4.774393E+24
Mtp:            3.031166E+23
