 PDE 2011 07 22 06 56 40.90  -20.3300 -178.6000 612.1 5.9 6.0 FIJI ISLANDS REGION
event name:   C201107220656A
time shift:           1.4761
half duration:        2.2000
latitude:           -20.1846
longitude:         -178.5097
depth:              604.4377
Mrr:           -4.661956E+24
Mtt:           -4.424724E+23
Mpp:            5.104427E+24
Mrt:           -7.237114E+24
Mrp:           -5.310599E+24
Mtp:           -2.232913E+22
