 PDE 2010 05 24 16 18 29.10   -8.0800  -71.5600 581.2 6.0 6.5 WESTERN BRAZIL
event name:   C201005241618A
time shift:           4.0754
half duration:        4.1000
latitude:            -8.0799
longitude:          -71.6435
depth:              587.6495
Mrr:           -6.518438E+25
Mtt:            4.834945E+24
Mpp:            6.034943E+25
Mrt:           -1.059488E+25
Mrp:            1.536766E+25
Mtp:           -1.478373E+25
