 PDE 2013 11 19 17 00 44.20   18.4800  145.2000 511.0 0.0 6.0 MARIANA ISLANDS
event name:   C201311191700A
time shift:           4.8407
half duration:        2.5000
latitude:            18.5401
longitude:          145.1757
depth:              516.8441
Mrr:           -1.460467E+25
Mtt:            2.912712E+24
Mpp:            1.169196E+25
Mrt:           -2.471994E+23
Mrp:            5.329649E+24
Mtp:            2.908204E+24
