 PDE 2007 10 16 21 05 43.30  -25.7700  179.5300 509.3 6.2 6.6 SOUTH OF FIJI ISLANDS
event name:   C200710162105A
time shift:           2.0957
half duration:        4.8000
latitude:           -25.6934
longitude:          179.7246
depth:              509.4631
Mrr:            3.049702E+25
Mtt:           -5.108517E+25
Mpp:            2.058814E+25
Mrt:           -1.773547E+25
Mrp:           -7.522269E+25
Mtp:           -5.525671E+25
