 PDE 2006 09 03 22 57 30.70  -24.0500  178.8200 568.1 5.1 5.9 SOUTH OF FIJI ISLANDS
event name:   C200609032257A
time shift:           2.8113
half duration:        2.2000
latitude:           -23.9199
longitude:          179.0336
depth:              566.7280
Mrr:           -2.583055E+24
Mtt:           -2.655343E+24
Mpp:            5.238399E+24
Mrt:           -5.048377E+24
Mrp:           -6.559593E+24
Mtp:           -2.657391E+24
