 PDE 2008 01 15 17 52 15.70  -21.9800 -179.5400 597.6 5.8 6.5 FIJI ISLANDS REGION
event name:   C200801151752A
time shift:           3.7164
half duration:        4.4000
latitude:           -22.0412
longitude:         -179.3387
depth:              599.3749
Mrr:            8.363059E+24
Mtt:           -1.986434E+25
Mpp:            1.150129E+25
Mrt:           -2.535761E+25
Mrp:           -6.289958E+25
Mtp:           -1.777342E+25
