 PDE 2006 02 02 12 48 43.40  -17.7500 -178.3900 597.5 5.9 0.0 FIJI ISLANDS REGION
event name:   C200602021248A
time shift:           4.7532
half duration:        5.5000
latitude:           -17.7681
longitude:         -178.1297
depth:              608.5971
Mrr:           -9.728673E+25
Mtt:            1.828220E+25
Mpp:            7.900452E+25
Mrt:            1.518695E+25
Mrp:           -9.507663E+25
Mtp:            8.754811E+25
