 PDE 2005 05 20 12 40 42.40  -24.5300  178.8400 565.3 5.4 0.0 SOUTH OF FIJI ISLANDS
event name:   C200505201240A
time shift:           3.4077
half duration:        2.3000
latitude:           -24.4312
longitude:          179.0393
depth:              569.6861
Mrr:            5.097420E+24
Mtt:            1.442716E+24
Mpp:           -6.540136E+24
Mrt:           -6.002608E+24
Mrp:           -7.219412E+24
Mtp:            5.229915E+22
