 PDE 2010 11 30 03 24 41.60   28.3600  139.1500 486.7 5.9 6.8 BONIN ISLANDS, JAPAN REGION
event name:   C201011300324A
time shift:           8.3810
half duration:        6.0000
latitude:            28.6922
longitude:          139.2618
depth:              460.6378
Mrr:           -6.578000E+25
Mtt:            1.075293E+26
Mpp:           -4.174930E+25
Mrt:            6.199592E+25
Mrp:           -1.430850E+26
Mtp:           -6.007523E+25
