 PDE 2014 12 02 05 11 31.00    6.1600  123.1300 614.0 0.0 6.6 MINDANAO, PHILIPPINES
event name:   C201412020511A
time shift:           6.2277
half duration:        4.8000
latitude:             6.3062
longitude:          123.1762
depth:              629.2390
Mrr:            6.735594E+24
Mtt:            9.319429E+24
Mpp:           -1.605501E+25
Mrt:           -2.225364E+25
Mrp:           -9.684502E+25
Mtp:            3.349180E+25
