 PDE 2016 10 28 20 02 49.80   39.3900   13.5200 457.9 5.8 5.8 TYRRHENIAN SEA
event name:   C201610282002A
time shift:           1.1281
half duration:        2.0000
latitude:            60.0000
longitude:            0.0000
depth:              500.0000
Mrr:           -1.046220E+26
Mtt:            2.057238E+25
Mpp:            8.404970E+25
Mrt:            3.630419E+24
Mrp:           -3.047351E+25
Mtp:           -3.168365E+25
